acquire 1474
    0429 1474 1478 2189 2221
    2330 2375 2408 2469 2481
    2525 2538 2589 2603 2623
    2636 2729 2740 2925 2942
    3150 3622 3642 4207 4246
    4365 4431 4580 4607 4624
    4681 4929 4965 4982 5011
    5027 5037 5429 5454 5468
    6263 6283 6305 7510 7644
    7690 7726
allocproc 2184
    2184 2237 2293
allocuvm 1853
    0478 1853 1867 2272 6096
    6108
alltraps 3054
    3009 3017 3030 3035 3053
    3054
ALT 7260
    7260 7288 7290
argfd 5619
    5619 5656 5671 5683 5694
    5706
argint 3345
    0451 3345 3358 3374 3584
    3606 3620 3676 3689 3731
    5624 5671 5683 5887 5960
    5961 6007
argptr 3354
    0452 3354 3664 3733 5671
    5683 5706 6033
argstr 3371
    0453 3371 5718 5785 5887
    5936 5959 5978 6007
__attribute__ 1360
    0324 0414 1259 1360
BACK 8062
    8062 8177 8433 8689
backcmd 8100 8427
    8100 8114 8178 8427 8429
    8542 8655 8690
BACKSPACE 7573
    7573 7590 7622 7654 7660
balloc 4754
    4754 4774 5075 5083 5087
BBLOCK 4010
    4010 4761 4785
B_BUSY 3809
    3809 4239 4371 4372 4385
    4388 4417 4428 4440
B_DIRTY 3811
    3811 4193 4216 4221 4241
    4261 4385 4419 4689
begin_op 4578
    0388 2370 4578 5483 5557
    5721 5788 5890 5935 5958
    5977 6070
bfree 4779
    4779 5114 5124 5127
bget 4361
    4361 4393 4406
binit 4339
    0316 1281 4339
bmap 5068
    4872 5068 5094 5169 5196
bootmain 8817
    8763 8817
BPB 4007
    4007 4010 4760 4762 4786
bread 4402
    0317 4402 4527 4528 4540
    4556 4638 4639 4732 4743
    4761 4785 4888 4909 4989
    5084 5120 5169 5196
brelse 4426
    0318 4426 4429 4531 4532
    4547 4564 4642 4643 4734
    4746 4767 4772 4792 4894
    4897 4918 4997 5090 5126
    5172 5200
BSIZE 3955
    3807 3955 3973 4001 4007
    4181 4195 4217 4508 4529
    4640 4744 5169 5170 5171
    5192 5196 5197 5198
buf 3800
    0300 0317 0318 0319 0360
    0387 2006 2009 2018 2020
    3800 3804 3805 3806 4112
    4128 4131 4175 4204 4235
    4237 4240 4327 4331 4335
    4341 4348 4360 4363 4401
    4404 4415 4426 4455 4527
    4528 4540 4541 4547 4556
    4557 4563 4564 4638 4639
    4672 4719 4730 4741 4757
    4781 4884 4906 4976 5071
    5109 5155 5182 7479 7490
    7494 7497 7631 7652 7666
    7700 7721 7728 8187 8190
    8191 8192 8306 8318 8320
    8323 8324 8325 8329 8330
    8335
B_VALID 3810
    3810 4220 4241 4261 4407
bwrite 4415
    0319 4415 4418 4530 4563
    4641
bzero 4739
    4739 4768
C 7281 7637
    7281 7329 7354 7355 7356
    7357 7358 7360 7637 7647
    7650 7657 7668 7701
CAPSLOCK 7262
    7262 7295 7436
cgaputc 7578
    7578 7626
clearpteu 1929
    0487 1929 1935 6110
cli 0607
    0607 0609 1176 1560 7560
    7617 8712
cmd 8066
    8066 8078 8087 8088 8093
    8094 8102 8107 8111 8120
    8123 8128 8136 8142 8146
    8154 8178 8180 8269 8281
    8285 8286 8363 8366 8368
    8369 8370 8371 8374 8375
    8377 8379 8380 8381 8382
    8383 8384 8385 8386 8387
    8400 8401 8403 8405 8406
    8407 8408 8409 8410 8413
    8414 8416 8418 8419 8420
    8421 8422 8423 8426 8427
    8429 8431 8432 8433 8434
    8435 8512 8513 8514 8515
    8517 8521 8524 8530 8531
    8534 8537 8539 8542 8546
    8548 8550 8553 8555 8558
    8560 8563 8564 8575 8578
    8581 8585 8600 8603 8608
    8612 8613 8616 8621 8622
    8628 8637 8638 8644 8645
    8651 8652 8661 8664 8666
    8672 8673 8678 8684 8690
    8691 8694
CMOS_PORT 6935
    6935 6949 6950 6988
CMOS_RETURN 6936
    6936 6991
CMOS_STATA 6975
    6975 7023
CMOS_STATB 6976
    6976 7016
CMOS_UIP 6977
    6977 7023
COM1 7813
    7813 7823 7826 7827 7828
    7829 7830 7831 7834 7840
    7841 7857 7859 7867 7869
commit 4651
    4503 4623 4651
CONSOLE 4087
    4087 7740 7741
consoleinit 7736
    0321 1277 7736
consoleintr 7640
    0323 7448 7640 7875
consoleread 7683
    7683 7741
consolewrite 7721
    7721 7740
consputc 7614
    7466 7497 7518 7536 7539
    7543 7544 7614 7654 7660
    7667 7728
context 2096
    0301 0426 2060 2096 2115
    2216 2217 2218 2219 2485
    2530 2702
CONV 7032
    7032 7033 7034 7035 7036
    7037 7038 7039
copyout 2004
    0486 2004 6118 6129
copyuvm 1953
    0483 1953 1964 1966 2301
cprintf 7502
    0322 1274 1314 1867 2658
    2660 2661 2662 2664 2666
    2687 2689 2699 2704 2706
    3174 3182 3187 3512 3515
    3652 4872 6719 6739 6911
    7112 7502 7562 7563 7564
    7567
cpu 2058
    0363 1274 1314 1316 1328
    1406 1466 1487 1508 1546
    1561 1562 1570 1572 1618
    1631 1637 1776 1777 1778
    1779 2058 2068 2072 2083
    2485 2518 2529 2530 2531
    3149 3174 3175 3182 3183
    3187 3189 6613 6614 6911
    7562
cpunum 6901
    0378 1338 1624 6901 7123
    7132
CR0_PE 0777
    0777 1185 1209 8743
CR0_PG 0787
    0787 1100 1209
CR0_WP 0783
    0783 1100 1209
CR4_PSE 0789
    0789 1093 1202
create 5835
    5835 5855 5868 5872 5893
    5936 5962
CRTPORT 7574
    7574 7583 7584 7585 7586
    7606 7607 7608 7609
CTL 7259
    7259 7285 7289 7435
DAY 6982
    6982 7005
deallocuvm 1882
    0479 1868 1882 1916 2275
DEVSPACE 0204
    0204 1732 1745
devsw 4080
    4080 4085 5158 5160 5185
    5187 5411 7740 7741
dinode 3977
    3977 4001 4885 4889 4907
    4910 4977 4990
dirent 4015
    4015 5224 5255 5766 5781
dirlink 5252
    0340 5231 5252 5267 5275
    5741 5867 5871 5872
dirlookup 5221
    0341 5221 5227 5259 5344
    5800 5845
DIRSIZ 4013
    4013 4017 5215 5272 5308
    5309 5361 5715 5782 5839
dobuiltin 8281
    8281 8330
DPL_USER 0829
    0829 1627 1628 2244 2245
    3123 3197 3206
E0ESC 7266
    7266 7420 7424 7425 7427
    7430
elfhdr 1005
    1005 6065 8819 8824
ELF_MAGIC 1002
    1002 6081 8830
ELF_PROG_LOAD 1036
    1036 6092
end_op 4603
    0389 2372 4603 5485 5562
    5723 5730 5748 5757 5790
    5824 5830 5895 5900 5906
    5915 5919 5937 5941 5963
    5967 5979 5985 5990 6072
    6102 6155
entry 1090
    1011 1086 1089 1090 3002
    3003 6142 6521 8821 8845
    8846
EOI 6816
    6816 6886 6925
ERROR 6837
    6837 6879
ESR 6819
    6819 6882 6883
exec 6060
    0327 3459 6023 6060 7968
    8029 8030 8131 8132 9220
EXEC 8058
    8058 8127 8370 8665
execcmd 8070 8364
    8070 8115 8128 8364 8366
    8621 8627 8628 8656 8666
exit 2354
    0408 2354 2392 3139 3143
    3198 3207 3454 3569 7916
    7919 7961 8026 8031 8121
    8130 8140 8183 8338 8345
    9011 9015 9135 9142 9166
    9180 9187 9221 9225 9232
    9239
EXTMEM 0202
    0202 0208 1729
fdalloc 5638
    5638 5658 5911 6038
fetchint 3317
    0454 3317 3347 6014
fetchstr 3329
    0455 3329 3376 6020
file 4050
    0302 0330 0331 0332 0334
    0335 0336 0401 2118 4050
    4720 5408 5414 5424 5427
    5430 5451 5452 5464 5466
    5502 5515 5535 5613 5619
    5622 5638 5653 5667 5679
    5692 5703 5884 6030 6206
    6221 7460 7808 8079 8138
    8139 8375 8383 8572
filealloc 5425
    0330 5425 5911 6227
fileclose 5464
    0331 2365 5464 5470 5697
    5913 6041 6042 6254 6256
filedup 5452
    0332 2322 5452 5456 5660
fileinit 5418
    0333 1282 5418
fileread 5515
    0334 5515 5530 5673
filestat 5502
    0335 5502 5708
filewrite 5535
    0336 5535 5567 5572 5685
FL_IF 0760
    0760 1562 1568 2248 2522
    6908
fork 2287
    0409 2287 3453 3563 7960
    8023 8025 8355 8357 9212
fork1 8351
    8105 8147 8157 8164 8179
    8334 8351
forkret 2553
    2168 2219 2553
freerange 2901
    2861 2884 2890 2901
freevm 1910
    0480 1910 1915 1978 2421
    6145 6152
FSSIZE 0162
    0162 4179
gatedesc 0951
    0573 0576 0951 3111
getbuiltin 8251
    8251 8276
getcallerpcs 1526
    0430 1488 1526 2702 7565
getcmd 8187
    8187 8318
getprocs 2713
    0422 2713 3482 3735 7988
    9163
gettoken 8456
    8456 8541 8545 8557 8570
    8571 8607 8611 8633
growproc 2266
    0410 2266 3609
havedisk1 4130
    4130 4164 4243
holding 1544
    0431 1477 1504 1544 2516
HOURS 6981
    6981 7004
ialloc 4881
    0342 4881 4899 5854 5855
IBLOCK 4004
    4004 4888 4909 4989
I_BUSY 4075
    4075 4983 4985 5008 5012
    5030 5032
ICRHI 6830
    6830 6889 6957 6969
ICRLO 6820
    6820 6890 6891 6958 6960
    6970
ID 6813
    6813 6849 6916
IDE_BSY 4115
    4115 4139
IDE_CMD_READ 4120
    4120 4197
IDE_CMD_WRITE 4121
    4121 4194
IDE_DF 4117
    4117 4141
IDE_DRDY 4116
    4116 4139
IDE_ERR 4118
    4118 4141
ideinit 4151
    0358 1283 4151
ideintr 4202
    0359 3158 4202
idelock 4127
    4127 4155 4207 4209 4228
    4246 4262 4265
iderw 4235
    0360 4235 4240 4242 4244
    4408 4420
idestart 4175
    4131 4175 4178 4184 4226
    4258
idewait 4135
    4135 4158 4186 4216
idtinit 3129
    0462 1315 3129
idup 4963
    0343 2323 4963 5331
iget 4925
    4876 4895 4925 4945 5239
    5329
iinit 4868
    0344 2564 4868
ilock 4974
    0345 4974 4980 5000 5334
    5505 5524 5558 5727 5740
    5753 5794 5802 5843 5847
    5857 5903 5982 6075 7695
    7715 7730
inb 0503
    0503 4139 4163 6754 6991
    7414 7417 7584 7586 7834
    7840 7841 7857 7867 7869
    8723 8731 8854
INITGID 2055
    2055 2259
initlock 1462
    0432 1462 2176 2882 3125
    4155 4343 4512 4870 5420
    6235 7738
initlog 4506
    0386 2565 4506 4509
INITUID 2054
    2054 2258
inituvm 1803
    0481 1803 1808 2241
inode 4062
    0303 0340 0341 0342 0343
    0345 0346 0347 0348 0349
    0351 0352 0353 0354 0355
    0482 1818 2119 4056 4062
    4081 4082 4723 4864 4876
    4880 4904 4924 4927 4933
    4962 4963 4974 5006 5025
    5052 5068 5106 5137 5152
    5179 5220 5221 5252 5256
    5323 5326 5358 5365 5716
    5763 5780 5834 5838 5885
    5933 5953 5975 6066 7683
    7721
INPUT_BUF 7629
    7629 7631 7652 7664 7666
    7668 7700
insl 0512
    0512 0514 4217 8873
install_trans 4522
    4522 4571 4656
INT_DISABLED 7069
    7069 7117
ioapic 7077
    6707 6729 6730 7074 7077
    7086 7087 7093 7094 7108
IOAPIC 7058
    7058 7108
ioapicenable 7123
    0363 4157 7123 7745 7843
ioapicid 6617
    0364 6617 6730 6747 7111
    7112
ioapicinit 7101
    0365 1276 7101 7112
ioapicread 7084
    7084 7109 7110
ioapicwrite 7091
    7091 7117 7118 7131 7132
IO_PIC1 7157
    7157 7170 7185 7194 7197
    7202 7212 7226 7227
IO_PIC2 7158
    7158 7171 7186 7215 7216
    7217 7220 7229 7230
IO_TIMER1 7759
    7759 7768 7778 7779
IPB 4001
    4001 4004 4889 4910 4990
iput 5025
    0346 2371 5025 5031 5055
    5260 5352 5484 5746 5989
IRQ_COM1 2983
    2983 3168 7842 7843
IRQ_ERROR 2985
    2985 6879
IRQ_IDE 2984
    2984 3157 3161 4156 4157
IRQ_KBD 2982
    2982 3164 7744 7745
IRQ_SLAVE 7160
    7160 7164 7202 7217
IRQ_SPURIOUS 2986
    2986 3173 6859
IRQ_TIMER 2981
    2981 3148 3202 6866 7780
isdirempty 5763
    5763 5770 5806
ismp 6615
    0392 1284 6615 6712 6720
    6740 6743 7105 7125
itrunc 5106
    4723 5034 5106
iunlock 5006
    0347 5006 5009 5054 5341
    5507 5527 5561 5736 5918
    5988 7688 7725
iunlockput 5052
    0348 5052 5336 5345 5348
    5729 5742 5745 5756 5807
    5818 5822 5829 5846 5850
    5874 5905 5914 5940 5966
    5984 6101 6154
iupdate 4904
    0349 4904 5036 5132 5205
    5735 5755 5816 5821 5861
    5865
I_VALID 4076
    4076 4988 4998 5028
kalloc 2937
    0368 1344 1663 1742 1809
    1865 1969 2201 2937 6229
KBDATAP 7254
    7254 7417
kbdgetc 7406
    7406 7448
kbdintr 7446
    0374 3165 7446
KBS_DIB 7253
    7253 7415
KBSTATP 7252
    7252 7414
KERNBASE 0207
    0207 0208 0212 0213 0217
    0218 0220 0221 1365 1533
    1729 1858 1916
KERNLINK 0208
    0208 1730
KEY_DEL 7278
    7278 7319 7341 7365
KEY_DN 7272
    7272 7315 7337 7361
KEY_END 7270
    7270 7318 7340 7364
KEY_HOME 7269
    7269 7318 7340 7364
KEY_INS 7277
    7277 7319 7341 7365
KEY_LF 7273
    7273 7317 7339 7363
KEY_PGDN 7276
    7276 7316 7338 7362
KEY_PGUP 7275
    7275 7316 7338 7362
KEY_RT 7274
    7274 7317 7339 7363
KEY_UP 7271
    7271 7315 7337 7361
kfree 2914
    0369 1898 1900 1920 1923
    2302 2419 2906 2914 2919
    6252 6273
kill 2632
    0411 2632 3188 3458 3586
    7967
kinit1 2880
    0370 1269 2880
kinit2 2888
    0371 1287 2888
KSTACKSIZE 0151
    0151 1104 1113 1345 1779
    2205
kvmalloc 1757
    0474 1270 1757
lapiceoi 6922
    0380 3155 3159 3166 3170
    3176 6922
lapicinit 6853
    0381 1272 1306 6853
lapicstartap 6941
    0382 1349 6941
lapicw 6846
    6846 6859 6865 6866 6867
    6870 6871 6876 6879 6882
    6883 6886 6889 6890 6895
    6925 6957 6958 6960 6969
    6970
lcr3 0640
    0640 1768 1783
lgdt 0562
    0562 0570 1183 1633 8741
lidt 0576
    0576 0584 3131
LINT0 6835
    6835 6870
LINT1 6836
    6836 6871
LIST 8061
    8061 8145 8420 8683
listcmd 8091 8414
    8091 8116 8146 8414 8416
    8546 8657 8684
loadgs 0601
    0601 1634
loaduvm 1818
    0482 1818 1824 1827 6098
log 4487 4500
    4487 4500 4512 4514 4515
    4516 4526 4527 4528 4540
    4543 4544 4545 4556 4559
    4560 4561 4572 4580 4582
    4583 4584 4586 4588 4589
    4607 4608 4609 4610 4611
    4613 4616 4618 4624 4625
    4626 4627 4637 4638 4639
    4653 4657 4676 4678 4681
    4682 4683 4686 4687 4688
    4690
logheader 4482
    4482 4494 4508 4509 4541
    4557
LOGSIZE 0160
    0160 4484 4584 4676 5550
log_write 4672
    0387 4672 4679 4745 4766
    4791 4893 4917 5088 5199
ltr 0588
    0588 0590 1780
makeint 8214
    8214 8235 8241
mappages 1679
    1679 1748 1811 1872 1972
MAXARG 0158
    0158 6003 6064 6115
MAXARGS 8064
    8064 8072 8073 8640
MAXFILE 3974
    3974 5192
MAXOPBLOCKS 0159
    0159 0160 0161 4584
memcmp 6365
    0438 6365 6645 6688 7026
memmove 6381
    0439 1335 1812 1971 2018
    4529 4640 4733 4916 4996
    5171 5198 5309 5311 6381
    6404 7601
memset 6354
    0440 1666 1744 1810 1871
    2218 2243 2922 4744 4891
    5811 6010 6354 7603 8190
    8369 8380 8406 8419 8432
microdelay 6931
    0383 6931 6959 6961 6971
    6989 7858
min 4722
    4722 5170 5197
MINS 6980
    6980 7003
MONTH 6983
    6983 7006
mp 6502
    6502 6608 6637 6644 6645
    6646 6655 6660 6664 6665
    6668 6669 6680 6683 6685
    6687 6694 6704 6710 6750
mpbcpu 6620
    0393 6620
MPBUS 6552
    6552 6733
mpconf 6513
    6513 6679 6682 6687 6705
mpconfig 6680
    6680 6710
mpenter 1302
    1302 1346
mpinit 6701
    0394 1271 6701 6719 6739
mpioapic 6539
    6539 6707 6729 6731
MPIOAPIC 6553
    6553 6728
MPIOINTR 6554
    6554 6734
MPLINTR 6555
    6555 6735
mpmain 1312
    1259 1290 1307 1312
mpproc 6528
    6528 6706 6717 6726
MPPROC 6551
    6551 6716
mpsearch 6656
    6656 6685
mpsearch1 6638
    6638 6664 6668 6671
multiboot_header 1075
    1074 1075
namecmp 5213
    0350 5213 5234 5797
namei 5359
    0351 2253 5359 5722 5899
    5978 6071
nameiparent 5366
    0352 5324 5339 5351 5366
    5738 5789 5841
namex 5324
    5324 5362 5368
NBUF 0161
    0161 4331 4348
ncpu 6616
    1274 1337 2073 4157 6616
    6718 6719 6723 6724 6725
    6745
NCPU 0152
    0152 2072 6613
NDEV 0156
    0156 5158 5185 5411
NDIRECT 3972
    3972 3974 3983 4073 5073
    5078 5082 5083 5112 5119
    5120 5127 5128
NELEM 0490
    0490 1747 2695 3508 6012
nextpid 2167
    2167 2198
NFILE 0154
    0154 5414 5430
NINDIRECT 3973
    3973 3974 5080 5122
NINODE 0155
    0155 4864 4933
NO 7256
    7256 7302 7305 7307 7308
    7309 7310 7312 7324 7327
    7329 7330 7331 7332 7334
    7352 7353 7355 7356 7357
    7358
NOFILE 0153
    0153 2118 2320 2363 5626
    5642
NPDENTRIES 0871
    0871 1361 1917
NPROC 0150
    0150 2162 2190 2381 2412
    2470 2614 2637 2692 2727
    2728
NPTENTRIES 0872
    0872 1894
NSEGS 2051
    1611 2051 2062
nulterminate 8652
    8515 8530 8652 8673 8679
    8680 8685 8686 8691
NUMLOCK 7263
    7263 7296
O_CREATE 3853
    3853 5892 8578 8581
O_RDONLY 3850
    3850 5904 8575
O_RDWR 3852
    3852 5925 8014 8016 8310
outb 0521
    0521 4161 4170 4187 4188
    4189 4190 4191 4192 4194
    4197 6753 6754 6949 6950
    6988 7170 7171 7185 7186
    7194 7197 7202 7212 7215
    7216 7217 7220 7226 7227
    7229 7230 7583 7585 7606
    7607 7608 7609 7777 7778
    7779 7823 7826 7827 7828
    7829 7830 7831 7859 8728
    8736 8864 8865 8866 8867
    8868 8869
outsl 0533
    0533 0535 4195
outw 0527
    0527 1219 1221 3654 8769
    8771
O_WRONLY 3851
    3851 5924 5925 8578 8581
P2V 0218
    0218 1269 1287 6662 6951
    7575
panic 7555 8342
    0324 1478 1505 1569 1571
    1690 1746 1782 1808 1824
    1827 1898 1915 1935 1964
    1966 2240 2360 2392 2517
    2519 2521 2523 2577 2580
    2919 3184 4178 4180 4184
    4240 4242 4244 4393 4418
    4429 4509 4610 4677 4679
    4774 4789 4899 4945 4980
    5000 5009 5031 5094 5227
    5231 5267 5275 5456 5470
    5530 5567 5572 5770 5805
    5813 5855 5868 5872 7513
    7555 7562 7596 8106 8125
    8156 8342 8357 8528 8572
    8606 8610 8636 8641
panicked 7468
    7468 7568 7616
parseblock 8601
    8601 8606 8625
parsecmd 8518
    8107 8335 8518
parseexec 8617
    8514 8555 8617
parseline 8535
    8512 8524 8535 8546 8608
parsepipe 8551
    8513 8539 8551 8558
parseredirs 8564
    8564 8612 8631 8642
PCINT 6834
    6834 6876
pde_t 0103
    0103 0476 0477 0478 0479
    0480 0481 0482 0483 0486
    0487 1260 1320 1361 1610
    1654 1656 1679 1736 1739
    1742 1803 1818 1853 1882
    1910 1929 1952 1953 1955
    1984 2004 2109 6068
PDX 0862
    0862 1659
PDXSHIFT 0877
    0862 0868 0877 1365
peek 8501
    8501 8525 8540 8544 8556
    8569 8605 8609 8624 8632
PGROUNDDOWN 0880
    0880 1684 1685 2011
PGROUNDUP 0879
    0879 1863 1890 2904 6107
PGSIZE 0873
    0873 0879 0880 1360 1666
    1694 1695 1744 1807 1810
    1811 1823 1825 1829 1832
    1864 1871 1872 1891 1894
    1962 1971 1972 2015 2021
    2242 2249 2905 2918 2922
    6108 6110
PHYSTOP 0203
    0203 1287 1731 1745 1746
    2918
picenable 7175
    0398 4156 7175 7744 7780
    7842
picinit 7182
    0399 1275 7182
picsetmask 7167
    7167 7177 7233
pinit 2174
    0412 1279 2174
pipe 6211
    0304 0402 0403 0404 3456
    4055 5481 5522 5542 6211
    6223 6229 6235 6239 6243
    6261 6279 6301 7963 8155
    8156
PIPE 8060
    8060 8153 8407 8677
pipealloc 6221
    0401 6035 6221
pipeclose 6261
    0402 5481 6261
pipecmd 8085 8401
    8085 8117 8154 8401 8403
    8558 8658 8678
piperead 6301
    0403 5522 6301
PIPESIZE 6209
    6209 6213 6285 6293 6316
pipewrite 6279
    0404 5542 6279
popcli 1566
    0435 1521 1566 1569 1571
    1784
print_elapsed 2654
    2654 2700
printint 7476
    7476 7526 7530
proc 2107
    0305 0407 0484 1255 1458
    1606 1638 1773 1779 2069
    2084 2107 2113 2156 2162
    2165 2183 2186 2190 2234
    2270 2272 2275 2278 2279
    2290 2301 2307 2308 2309
    2313 2314 2321 2322 2323
    2325 2356 2359 2364 2365
    2366 2371 2373 2378 2381
    2382 2390 2405 2412 2413
    2433 2439 2462 2470 2477
    2485 2490 2520 2526 2530
    2539 2576 2594 2595 2599
    2612 2614 2634 2637 2654
    2682 2692 2726 2730 3105
    3138 3140 3142 3180 3188
    3189 3191 3197 3202 3206
    3305 3319 3333 3336 3347
    3360 3507 3509 3512 3516
    3517 3557 3592 3608 3625
    3680 3693 3704 3711 3718
    3719 3720 3721 3722 4107
    4716 5331 5611 5626 5643
    5644 5696 5989 5991 6040
    6054 6136 6139 6140 6141
    6142 6143 6144 6204 6286
    6307 6611 6706 6717 6718
    6719 6722 7463 7693 7810
procdump 2671
    0413 2671 7678
proghdr 1024
    1024 6067 8820 8834
PTE_ADDR 0894
    0894 1661 1828 1896 1919
    1967 1993
PTE_FLAGS 0895
    0895 1968
PTE_P 0883
    0883 1363 1365 1660 1670
    1689 1691 1895 1918 1965
    1989
PTE_PS 0890
    0890 1363 1365
pte_t 0898
    0898 1653 1657 1661 1663
    1682 1821 1884 1931 1956
    1986
PTE_U 0885
    0885 1670 1811 1872 1936
    1991
PTE_W 0884
    0884 1363 1365 1670 1729
    1731 1732 1811 1872
PTX 0865
    0865 1672
PTXSHIFT 0876
    0865 0868 0876
pushcli 1555
    0434 1476 1555 1775
rcr2 0632
    0632 3183 3190
readeflags 0594
    0594 1559 1568 2522 6908
read_head 4538
    4538 4570
readi 5152
    0353 1833 5152 5230 5266
    5525 5769 5770 6079 6090
readsb 4728
    0339 4513 4728 4784 4871
readsect 8860
    8860 8895
readseg 8879
    8814 8827 8838 8879
recover_from_log 4568
    4502 4517 4568
REDIR 8059
    8059 8135 8381 8671
redircmd 8076 8375
    8076 8118 8136 8375 8377
    8575 8578 8581 8659 8672
REG_ID 7060
    7060 7110
REG_TABLE 7062
    7062 7117 7118 7131 7132
REG_VER 7061
    7061 7109
release 1502
    0433 1502 1505 2193 2199
    2223 2332 2427 2434 2483
    2492 2527 2541 2557 2590
    2602 2625 2643 2647 2743
    2750 2930 2947 3152 3626
    3631 3644 4209 4228 4265
    4373 4389 4443 4589 4618
    4627 4690 4936 4955 4967
    4986 5014 5033 5042 5433
    5437 5458 5472 5478 6272
    6275 6287 6296 6308 6319
    7551 7676 7694 7714 7729
ROOTDEV 0157
    0157 2564 2565 5329
ROOTINO 3954
    3954 5329
rtcdate 0250
    0250 0306 0377 3663 7000
    7011 7013 9008
run 2864
    2678 2721 2864 2865 2871
    2916 2926 2939
runcmd 8111
    8111 8125 8142 8148 8150
    8162 8169 8180 8335
RUNNING 2104
    2104 2479 2520 2678 2721
    3202
safestrcpy 6432
    0441 2252 2325 2744 2746
    6136 6432
sb 4724
    0339 4004 4010 4511 4513
    4514 4515 4724 4728 4733
    4760 4761 4762 4784 4785
    4871 4872 4873 4887 4888
    4909 4989 7014 7016 7018
sched 2512
    0415 2391 2512 2517 2519
    2521 2523 2540 2596
scheduler 2460 2503
    0414 1317 2060 2460 2485
    2503 2530
SCROLLLOCK 7264
    7264 7297
SECS 6979
    6979 7002
SECTOR_SIZE 4114
    4114 4181
SECTSIZE 8812
    8812 8873 8886 8889 8894
SEG 0819
    0819 1625 1626 1627 1628
    1631
SEG16 0823
    0823 1776
SEG_ASM 0710
    0710 1228 1229 8779 8780
segdesc 0802
    0559 0562 0802 0819 0823
    1611 2062
seginit 1616
    0473 1273 1305 1616
SEG_KCODE 0791
    0791 1188 1625 3122 3123
    8749
SEG_KCPU 0793
    0793 1631 1634 3066
SEG_KDATA 0792
    0792 1192 1626 1778 3063
    8753
SEG_NULLASM 0704
    0704 1227 8778
SEG_TSS 0796
    0796 1776 1777 1780
SEG_UCODE 0794
    0794 1627 2244
SEG_UDATA 0795
    0795 1628 2245
setbuiltin 8226
    8226 8275
SETGATE 0971
    0971 3122 3123
setupkvm 1737
    0476 1737 1759 1960 2239
    6084
SHIFT 7258
    7258 7286 7287 7435
skipelem 5295
    5295 5333
sleep 2574
    0416 2439 2574 2577 2580
    2676 2719 3465 3629 4262
    4376 4583 4586 4984 6291
    6311 7698 7979
spinlock 1401
    0307 0416 0429 0431 0432
    0433 0465 1401 1459 1462
    1474 1502 1544 2157 2161
    2574 2859 2869 3108 3113
    4110 4127 4325 4330 4453
    4488 4717 4863 5409 5413
    6207 6212 7458 7471 7806
STA_R 0719 0836
    0719 0836 1228 1625 1627
    8779
start 1175 7908 8711
    1174 1175 1205 1213 1215
    4489 4514 4527 4540 4556
    4638 4872 7907 7908 8710
    8711 8762
startothers 1324
    1258 1286 1324
stat 3904
    0308 0335 0354 3904 4714
    5137 5502 5609 5704 8003
    8903
stati 5137
    0354 5137 5506
STA_W 0718 0835
    0718 0835 1229 1626 1628
    1631 8780
STA_X 0715 0832
    0715 0832 1228 1625 1627
    8779
sti 0613
    0613 0615 1573 2466
stosb 0542
    0542 0544 6360 8840
stosl 0551
    0551 0553 6358
strlen 6451
    0442 6117 6118 6451 8230
    8233 8239 8253 8285 8323
    8523
STRMAX 9050
    9050 9059 9061
strncmp 6408 8204
    0443 5215 6408 8204 8231
    8232 8234 8238 8240 8254
    8255 8259 8285
strncpy 6418
    0444 5272 6418
STS_IG32 0850
    0850 0977
STS_T32A 0847
    0847 1776
STS_TG32 0851
    0851 0977
sum 6626
    6626 6628 6630 6632 6633
    6645 6692
superblock 3962
    0309 0339 3962 4511 4724
    4728
SVR 6817
    6817 6859
switchkvm 1766
    0485 1304 1760 1766 2486
switchuvm 1773
    0484 1773 1782 2279 2478
    6144
swtch 2808
    0426 2485 2530 2807 2808
syscall 3503
    0456 3141 3307 3503
SYSCALL 7953 7960 7961 7962 7963 7964 7965 7966 7967 7968 7969 7970 7971 7972 7973 7974 7975 7976 7977 7978 7979 7980 7981 7982 7983 7984 7985 7986 7987 7988
    7960 7961 7962 7963 7964
    7965 7966 7967 7968 7969
    7970 7971 7972 7973 7974
    7975 7976 7977 7978 7979
    7980 7981 7982 7983 7984
    7985 7986 7987 7988
sys_chdir 5972
    3379 3420 5972
SYS_chdir 3259
    3259 3260 3420 3461
sys_close 5689
    3380 3432 5689
SYS_close 3271
    3271 3272 3432 3473
sys_date 3661
    3401 3434 3661
SYS_date 3274
    3274 3275 3434 3475
sys_dup 5651
    3381 3421 5651
SYS_dup 3260
    3260 3261 3421 3462
sys_exec 6001
    3382 3418 6001
SYS_exec 3257
    3257 3258 3418 3459 7912
sys_exit 3567
    3383 3413 3567
SYS_exit 3252
    3252 3253 3413 3454 7917
sys_fork 3561
    3384 3412 3561
SYS_fork 3251
    3251 3252 3412 3453
sys_fstat 5701
    3385 3419 5701
SYS_fstat 3258
    3258 3259 3419 3460
sys_getgid 3709
    3404 3437 3709
SYS_getgid 3276
    3276 3277 3437 3477
sys_getpid 3590
    3386 3422 3590
SYS_getpid 3261
    3261 3262 3422 3463
sys_getppid 3716
    3405 3438 3716
SYS_getppid 3277
    3277 3278 3438 3479
sys_getprocs 3727
    3408 3441 3727
SYS_getprocs 3280
    3280 3441 3482
sys_getuid 3702
    3403 3436 3702
SYS_getuid 3275
    3275 3276 3436 3478
SYS_halt 3272
    3272 3274 3433 3474
sys_kill 3580
    3387 3417 3580
SYS_kill 3256
    3256 3257 3417 3458
sys_link 5713
    3388 3430 5713
SYS_link 3269
    3269 3270 3430 3471
sys_mkdir 5930
    3389 3431 5930
SYS_mkdir 3270
    3270 3271 3431 3472
sys_mknod 5951
    3390 3428 5951
SYS_mknod 3267
    3267 3268 3428 3469
sys_open 5880
    3391 3426 5880
SYS_open 3265
    3265 3266 3426 3467
sys_pipe 6027
    3392 3415 6027
SYS_pipe 3254
    3254 3255 3415 3456
sys_read 5665
    3393 3416 5665
SYS_read 3255
    3255 3256 3416 3457
sys_sbrk 3601
    3394 3423 3601
SYS_sbrk 3262
    3262 3263 3423 3464
sys_setgid 3686
    3407 3440 3686
SYS_setgid 3279
    3279 3280 3440 3480
sys_setuid 3673
    3406 3439 3673
SYS_setuid 3278
    3278 3279 3439 3481
sys_sleep 3615
    3395 3424 3615
SYS_sleep 3263
    3263 3264 3424 3465
sys_unlink 5778
    3396 3429 5778
SYS_unlink 3268
    3268 3269 3429 3470
sys_uptime 3638
    3399 3425 3638
SYS_uptime 3264
    3264 3265 3425 3466
sys_wait 3574
    3397 3414 3574
SYS_wait 3253
    3253 3254 3414 3455
sys_write 5677
    3398 3427 5677
SYS_write 3266
    3266 3267 3427 3468
taskstate 0901
    0901 2061
TDCR 6841
    6841 6865
T_DEV 3902
    3902 5157 5184 5962 8908
T_DIR 3900
    3900 5226 5335 5728 5806
    5814 5863 5904 5936 5983
    8906
testgiduid 9106
    9106 9134
T_FILE 3901
    3901 5848 5893 8907
ticks 3114
    0463 2222 2482 2526 2657
    2741 3114 3151 3153 3623
    3624 3629 3643
tickslock 3113
    0465 2221 2223 2481 2483
    2525 2527 2740 2743 3113
    3125 3150 3152 3622 3626
    3629 3631 3642 3644
TICR 6839
    6839 6867
TIMER 6831
    6831 6866
TIMER_16BIT 7771
    7771 7777
TIMER_DIV 7766
    7766 7778 7779
TIMER_FREQ 7765
    7765 7766
timerinit 7774
    0459 1285 7774
TIMER_MODE 7768
    7768 7777
TIMER_RATEGEN 7770
    7770 7777
TIMER_SEL0 7769
    7769 7777
T_IRQ0 2979
    2979 3148 3157 3161 3164
    3168 3172 3173 3202 6859
    6866 6879 7117 7131 7197
    7216
TPR 6815
    6815 6895
trap 3135
    3002 3004 3072 3135 3182
    3184 3187
trapframe 0652
    0652 2114 2209 3135
trapret 3077
    2169 2214 3076 3077
T_SYSCALL 2976
    2976 3123 3137 7913 7918
    7957
tvinit 3117
    0464 1280 3117
uart 7815
    7815 7836 7855 7865
uartgetc 7863
    7863 7875
uartinit 7818
    0468 1278 7818
uartintr 7873
    0469 3169 7873
uartputc 7851
    0470 7623 7625 7847 7851
uproc 9052
    0311 0422 2158 2713 3558
    3730 9052 9151 9161 9162
userinit 2232
    0417 1288 2232 2240
uva2ka 1984
    0477 1984 2012
V2P 0217
    0217 1730 1731
V2P_WO 0220
    0220 1086 1096
VER 6814
    6814 6875
wait 2403
    0418 2403 3455 3576 7962
    8033 8149 8173 8174 8336
    9214
waitdisk 8851
    8851 8863 8872
wakeup 2621
    0419 2621 3153 4222 4441
    4616 4626 5013 5039 6266
    6269 6290 6295 6318 7670
wakeup1 2610
    2171 2378 2385 2610 2624
walkpgdir 1654
    1654 1687 1826 1892 1933
    1963 1988
write_head 4554
    4554 4573 4655 4658
writei 5179
    0355 5179 5274 5559 5812
    5813
write_log 4633
    4633 4654
xchg 0619
    0619 1316 1483 1519
YEAR 6984
    6984 7007
yield 2536
    0420 2536 3203
